p<-c(1,2,3,8)
q<-c(6,5,2,9)
p+q



