x<-c(10.4,5.6,3.1,6.4,21.7)
c(10.4,5.6,3.1,6.4,21.7)->x
x
1/x


y<-c(x,0,x)
y
1/y


